441262431
65510512
435315395
146255285
117043408
50027667
322792283
1486234051
20449585
18816552
394570385
352088010
14550939
984266251
19623362
17758578
1025681743
33937662
121587631
16489220
1097398392
57758942
20125222
243745639
42057294
118108910
624485420
321306716
590133904
22002042
936657434
380964394
1134096572
310240310
19244110
826023620
40351345
879315001
26568504
14134823
1493756040
772372538
1333157582
57910486
1111435850
106368459
537158174
209105800
876498822
942636229
528898765
433137670
1314303546
1483914420
8310782
201167670
1435000842
789079740
35584127
595119918
426042332
555245734
187286519
972651
17579527
827129990
62995586
1483036819
55953050
25430013
323911083
294527667
68396108
209183686
259914222
30518204
556510704
138871478
399607999
87414468
878438478
364244277
595562661
14623537
20144703
336447190
877145923
556300232
601808365
521637443
552571888
972859777
164017358
1458021782
1478941856
848303546
343795566
155741634
735742452
1460084527
1469082948
735191785
714332630
232380502
235102332
1353459625
27603926
126657192
222519373
23214110
317009100
420811561
626376132
478219001
476230687
21379853
116909103
444193349
35881819
380110781
264022470
367707907
1465114530
405905254
43008390
1465271168
729261079
524601604
1237236139
318698496
111778342
1442485370
559027733
502019371
256907087
134360137
246735684
301492919
28647060
99070565
192180233
486954815
19385134
779691559
49294699
37101617
1413553855
1435678338
570081132
30610131
23421394
279585613
20434396
520744914
100449923
77730147
518216736
273024572
83254797
33034159
1317895812
428812207
595191647
40738764
105798578
275043456
605331246
928749799
169008657
1300566517
35107863
451623992
240605516
1329078408
282676246
16062465
868444364
417451128
418419344
1451670548
55908595
285686560
519280628
1384127162
112607220
516969711
100002429
424820579
479718484
39233815
355551993
1128895970
787050746
410482502
133100248
438268406
333545183
31836155
15058127
237888723
297328190
1335713144
1092850716
241364372
292670998
137746593
911006072
601374735
517039011
175566288
1227938210
414768578
871301677
166737065
143088373
43674777
244765265
270729511
29963839
221650229
137340811
60159884
149981362
555865638
1240782246
604772054
554798913
70791707
425528043
1139290069
461022916
859567922
857022254
756921732
828779348
50080995
26635704
17928283
15394321
603626887
525814973
554668323
317063105
305340062
1396236727
1321047319
97174265
462305018
606662946
973352167
75931520
329615479
337279439
205366697
246344553
701511860
19031450
343678044
1103534641
930280326
62815642
343705726
49643444
486395472
291927107
168709310
13579832
354776110
362524499
834507102
154274219
890417341
24027247
1014450308
144958838
1247405676
376226271
135058547
469915489
145148226
17327882
17499507
69709808
104951189
91146650
285018937
477023958
589472106
198437044
302286477
1397947190
792514567
37188645
58767113
419254390
808798532
622182401
244992847
619514244
633882596
228787264
154921975
1365610850
100589835
25364767
14772544
1173955249
211034581
21726856
362722028
975921571
1275266544
1266138114
165032317
315074415
555015105
323648321
1366680566
342635674
174186626
229912129
1331391025
1124885306
46140163
241482651
12988582
1332461725
182745429
194055974
478795494
576470958
1155167528
817132819
403287836
609311629
497791919
1395092533
297257658
19276264
787256256
966252584
1392985032
486378048
197011504
503351048
112777286
473651169
407695666
16860064
230927249
220959367
1278547898
1041294187
299817440
576466389
1322028865
168511177
576732332
27617074
387035913
388462785
1340906029
1266145436
596499121
870960104
1306776906
128638555
1285579248
482560507
160817371
537914942
414416866
607644971
54931722
205529993
397704847
471028633
330541772
597861047
154309309
217056270
9979162
997176132
161149776
143659632
178656528
69735398
200387799
242523507
71555146
212097279
783496886
14883801
931175240
894167616
417018193
170977315
1061616133
792040542
971679542
448539071
586293291
370145183
725445786
570299592
148839517
119066378
412490810
75911818
144350248
900161354
173735605
26542369
738882876
304319244
248635150
43209894
235140283
1115223294
127745504
272144469
227078132
469853729
712868407
42251115
323649359
178124913
978703206
298161751
405291898
1155379550
89769227
484027414
50373781
49662919
1138018280
1118338808
69945658
447933442
17820723
408285035
365430702
169648482
1228149708
1364886283
352312626
251540958
358906545
77048862
610336360
860230176
850724832
396842784
1061083764
96183915
543641678
96917829
964896504
40562012
32929089
1034015623
341026490
27890765
930303686
19569136
51271929
885748111
548112191
90008826
606560484
756671072
315674387
1352716388
764998956
22624110
415077178
24462370
575735088
803376859
1273201320
397712587
806460452
244455684
114250917
30917871
60807850
630100205
19739946
18045612
381098743
109481706
886030200
446228196
397719020
487632632
1357003632
246104718
380413672
1088290194
407820507
535932595
348937988
73986605
281051289
293631788
1105384752
37190491
90425760
306066059
1177330182
1311899772
1335046758
1350145188
382022683
387976013
174355307
23818747
49344223
78687728
433985905
336217194
132289001
766246081
102483038
238364044
945673328
37115550
1123728240
599543148
948529621
572565027
289200353
345966431
270134725
12161222
412596482
371772599
435737880
153038148
892059066
256403260
397725491
74494937
232588811
86007399
236316629
35045870
293458690
455088904
479743065
1334654486
516874343
17879144
177551850
325605149
1218731934
1218731748
755127578
1218627961
360304674
1260903398
293858201
181929789
108224147
594589861
154970560
113593801
49778987
426341114
198464511
122126549
357325029
1339815924
284642280
1038755491
974498598
321572161
137352522
17413777
1128213487
61548473
315344971
401844724
300039723
199010416
16396926
893923441
298307911
313016683
950537126
380537351
323472359
31203127
34981059
18863927
26909348
1148797004
565114445
1218687409
173770936
418351277
914314658
1150831208
611730280
297024359
127550240
278096906
138221532
1313266730
52499617
45776787
836464842
1333986684
283970464
235530949
30924802
15841538
895851306
289723207
28183020
422883294
426086770
339292841
50094643
1313686591
14544372
945019909
40713311
511829492
259258282
151668719
17180464
580223886
177506241
110546573
938657858
309643383
216301342
614328727
118319676
531470706
236014427
322211474
1100192101
555275165
807309378
61936364
903699109
15976194
1169231053
735836863
266373518
41011152
288525942
783168984
380654057
102812111
282189720
45417548
991568598
92131319
51495238
831945828
1048956248
799374348
108983488
74638737
181362794
327451348
329528905
859275787
169510024
430094366
1089469183
812632915
89323573
632502795
1137950671
15835671
45918541
135503145
200920214
1242425298
113245587
48782960
71375079
834474145
487896526
513268880
1322733973
302750596
39439728
233238720
419204852
1322679703
389610298
72116116
307270287
427432490
265696487
542992504
362539812
272978212
1048848126
584547919
344136110
566834655
317390876
1262181469
68036460
1006363464
415425580
945467227
429634195
77520431
14205576
89088267
712858112
63506487
52418468
146693253
545469131
23136101
19395504
1172390162
140092318
27316987
593235137
273774613
209896973
596863840
389493207
1032029010
63456806
65695254
157197791
191938697
55315217
17068073
219184382
248735787
634139443
568276146
350276056
627595501
65113021
151321483
917303162
904897790
1109815130
155629096
218621337
22899761
104874562
242652411
460857249
15726264
46476526
527128379
1053867242
939570793
415636707
986659380
1043361602
637062760
780104972
402564431
136863374
14247987
807043296
284764300
621436958
115760030
1000131409
160405086
265444216
304160477
619363112
20645830
1180750908
35656894
17576454
565547769
191383270
1178902860
835703005
67125725
1088307384
571719480
46543958
1175104220
27502479
543351919
739968648
353496431
271190624
839597208
257618318
314613453
783852128
912715388
50580787
717117847
186096206
400576758
851870396
303506586
607659137
62087941
203561292
19892152
75674174
866501353
168799710
90678488
325277061
155647995
497614907
260063463
232985012
350530711
634837543
568831783
628510546
25315171
39709597
544570972
460465642
194366728
13740902
1301854998
1242305222
75095849
1027716960
14197357
63110069
48505944
384635309
255245279
491301702
1001939648
711503352
718048454
84590159
385343754
270083986
545875526
95943762
969348054
22943214
846339402
119415806
578281087
371760024
863238847
477360190
273534400
236593926
875825232
142082905
1305961418
563252253
23955363
293338829
520298796
491204148
315380063
285792713
18149246
162726152
561742563
1119409490
960954660
17135231
15444539
90468592
1065114325
27843224
323301287
237528648
342730279
334060841
159598002
308006791
215865974
357143892
1095159722
437553265
802810730
569299006
36728892
43555180
265148636
242786013
340519652
180542217
378969929
93874961
16378857
540982657
900965437
193101357
488410102
179264757
527519600
22997347
545192519
117497073
382164997
875383591
1173372721
838637455
449308417
94125583
202646492
250708096
170526023
633089153
94447233
278137101
1075013545
40748100
474069592
93904188
464340155
1023474402
591961037
404258310
4864171
298306464
17912112
26344642
347772642
308068500
297267233
365147874
233933230
348963601
387806203
1303423392
38749191
1004187666
18345963
225073255
31248960
345956992
298977159
30299207
1207115972
543787174
1121510114
1187605536
161736384
410274253
316133629
217856283
509248526
921867260
83206301
60174651
915569102
171119403
575087874
382047920
98198328
494755911
182685134
403830639
533592696
1127944208
925823785
264321839
342263316
23116723
59562266
299629763
1228095080
218946709
192575162
75017412
1153920853
213270621
26493362
410778280
76100246
323044986
41213062
131000529
39427853
827562612
349941493
90804267
613631874
831662052
47465322
15284851
1058061204
221478636
759710983
626364982
398040664
104170247
1274023452
12874852
263815507
1063889802
334112176
1122740364
372131355
311476854
1974441
316719302
258814936
774328855
23229141
956109902
296554380
546172258
521403102
505934372
516114692
528974746
608563284
555440889
310414211
1129424280
1108902038
220059980
770943746
1074867126
111758854
377120487
23235045
330624185
85256730
737239482
1004732078
262823434
478280837
21541548
72743334
35993109
89726224
352914519
369705071
512625333
233708273
392333793
294496541
422851218
517780786
90315072
144733505
402803872
43819284
328247807
27744688
60644870
107340555
60349138
562602842
195768080
94140566
55547920
606656667
22515313
112735469
41619434
416995448
317945310
81754424
68445903
29973688
1281250460
367764053
504810063
520097902
517015178
543013426
527731520
528959699
529011708
506135492
1058048293
1296833288
104553468
483182768
75979027
1201576614
199937748
317113519
494302092
315077792
525306452
243333357
263653817
317953795
249799878
311876503
445886301
963907387
988204418
20261503
66302552
318874371
200694474
277609073
957502022
41281255
41913842
807260058
38976017
123995008
1136136391
347627434
851614068
118737439
184158964
346074047
231768757
45791557
83244412
834667808
394408984
179779456
205870203
522332162
33380865
32399655
793949552
401710943
19911380
50920634
52702700
1014112500
19415867
85362918
449607136
32559327
162371418
548464863
58009070
68173937
35270579
1122708175
130900724
1283908902
1052869087
17891624
15406575
314612349
259297426
1237219512
124068206
234085323
595930427
40646375
218132338
813291506
634547595
27112296
30928502
1125876151
118886666
376744718
388051785
1132793900
160465563
42653160
578227591
455051657
122333834
861001014
551624747
15027086
396623776
291762449
193612155
873260892
516555391
213801357
122564202
414700045
377977397
312340448
286280991
54182296
206899834
220688631
148128821
17845789
36753271
552073205
40099803
302661157
64487437
26077153
1056066385
219634693
166802501
741224096
1079800987
55912856
1255578962
92625528
167353854
244422172
1250174005
73510434
21659631
30458471
1126393668
254859086
15832929
424512771
22363371
336310996
70515171
1075426321
1284981350
1180919124
161554574
1282345370
225209208
1137774451
751125937
564053183
1262580812
99427640
19904067
1109683742
63620540
941560112
313250434
1097654875
427050474
855712652
261072122
840461114
139927812
541391090
41939509
493476820
96503405
815143
325197137
1046647650
308193631
252927827
199294798
767601
1036208892
75948706
347610511
389415774
580570421
935700655
215128160
119196878
25850463
1072749643
106148598
1262314644
473248919
92544071
284137630
268216176
517640564
408936712
264980191
27873266
49371618
267100838
1177604527
320327225
368629392
315076507
786223237
185406970
73299854
976907744
1074229776
27339918
185359848
15664669
588624932
270155640
912363649
341093523
16367983
273051398
1257926564
28704940
270453961
87162750
1283788860
302128211
245923520
55670095
919785530
392914474
234989406
100739336
766786974
86584390
483845147
226747218
96412296
1143716324
303304249
1050950965
875809039
111225697
282239784
23202319
1150099802
296622827
212678744
220482559
499255449
714149774
175613569
32574049
743533993
218618369
40352685
144718510
17627635
216852605
228291048
529604114
11262602
842221334
23586153
192470327
182040558
552125363
424275662
60190631
35252155
49624455
302810753
291941733
157810106
215046306
15966491
727132566
567930956
147107266
874741914
1011890714
67639847
1114984824
21257467
609799336
313770631
1129931448
17177835
1116010016
444378105
522758546
60630907
24602420
216565502
295623694
25029390
1028810210
491707082
173413459
635701292
792660210
376073243
32626883
976920156
273426558
201802413
273996485
564947096
197404857
387956439
461013813
336293679
727561801
19123904
389573676
216847588
360083617
272133104
1107434461
183668416
269355196
494308641
932836848
609574936
458562527
487448993
242332949
224902288
532811428
545893082
301171338
27712969
547463022
569823314
630570696
16537937
264996540
190442587
19486852
487249114
949564086
1075675219
282365022
604486877
499169898
29309901
535748076
799113097
535747806
631696907
1149251743
390779926
110631887
290706658
609440365
166256003
1260056347
90776094
169701996
757287390
317243605
544709328
14448173
244485406
484788854
77051825
92875674
89992468
73181817
257801122
98466423
322865349
273741917
582873792
762303452
14485005
18111493
72284492
561026486
53397729
755167561
287052930
1014261535
149984992
116459389
233271802
246125103
864049556
442256197
891670981
20923572
212971443
110258050
220770192
15633474
199787265
100960755
73153346
556258389
233797755
114010363
1040761819
153167643
157765458
98050742
259931958
523877132
282105522
68453216
1023143588
215103040
323538412
620393340
933042264
123509578
613263456
219351912
306462574
1034932464
527934849
596424915
124610046
288168336
618734687
412003230
438181476
252789636
1111495688
1111527979
1111072033
1045152966
541901726
615224981
329543736
380801446
302962512
489854855
127838197
529628538
1044757266
521685599
57998443
211631626
63887454
154983471
870238358
142445186
858646280
308025298
122122818
402944504
24750550
172867574
165170875
321774180
1178109440
619064137
54500400
1245739860
84315712
1241965758
1226146134
1225200452
228826153
547023837
177580692
259437943
19078616
371252047
262272752
996207085
485032802
285793471
216858119
488282217
41746344
157201775
116226112
123087976
60375603
430078626
118866386
337741836
179397754
32358164
134144545
49182104
820103947
147177560
140652197
1078307029
448807727
174995889
466332642
551519084
196129554
73330146
728294137
326992299
472757678
606865372
707884753
1259223632
382161618
259785920
372038074
33245148
156722573
1035139969
1262651894
395461711
467969797
32901105
189189188
1267147225
563200902
1260703206
32693404
49730614
208713561
133912967
714004914
54072736
1263927278
279333318
209974921
273646264
1003941769
100607304
940574965
415686565
604215936
397249528
1071213350
906857388
50774064
203949399
51879246
221707278
175857041
130411631
255090691
392782867
306502171
598377073
524853724
435230845
322476938
537092459
550525869
454706052
540020232
175220429
101507087
441437990
275213572
585034263
207255762
1125517280
152738993
226748239
25283620
468928683
103348556
631867898
74094646
709055965
766207718
25289271
15707222
496708452
124244982
352436611
16672561
201832995
391873477
29355945
1263335947
404887048
915829202
174342634
74668871
1122074120
233111629
34146256
16201819
495086242
720567793
833344627
834394100
879583506
252301364
1080312600
142889259
61725984
459023266
614704725
16838729
618148342
53595317
570300040
466695302
379908068
586979206
823509679
183587960
145613992
92781958
840725053
356835648
948224850
359210950
463148298
463331883
18383469
1244806730
974124685
1262105336
216462611
633283643
62926597
395136282
37320198
325907936
374928889
246967540
123062306
262841868
535660643
1160231712
17435819
896138455
520589535
801200292
434987814
200230533
581757860
19634734
22308653
17986973
269121456
338980885
519469651
103999464
1265211972
1023992150
559706350
251292509
1265483184
1132196815
184923175
294539310
166248847
742880534
807916770
226028910
924229940
780726144
83477443
55308593
614704971
16600574
281343000
135505383
1257083396
121831693
113245107
26591324
31407357
127773540
444390436
904044445
1244756954
17922363
1049466415
98633064
41783539
339695200
212853504
38324277
339936927
31217447
412889594
31119610
430375389
75442030
30308283
22972326
1735241
104506667
316466191
413160494
182300965
88263908
625336556
23668559
68209119
511010737
566894443
624838004
1184042011
1257799188
756990666
716167285
75776168
197946814
1195435530
322723573
16979153
181327838
44803633
229612231
153816362
511043145
1137380594
955807393
84253390
378970029
14382508
1227220441
802232726
916198974
435917873
952491452
509080523
197507617
387577448
913115328
84693914
354741272
828909931
265256610
379448460
28124248
25852170
728305482
19500584
519881349
790724838
924347822
385094140
555123962
227093737
359428041
16339901
212707756
556701450
307422389
16914763
257212542
563574303
908315796
292320270
757277497
135923127
462002814
189755817
29033224
312484172
589241658
721437332
788257489
76295423
26391721
1221898224
328123892
439285681
768173696
358905141
309035371
297279770
700642514
590839765
385625684
16601312
820836422
44135635
48935222
1253201910
365828293
24208152
138239194
256905395
105707718
74820717
18806575
817618680
299116219
25379483
533943035
216032114
880242631
11375262
40867879
19511717
710811774
57066714
772418322
265581733
285834631
20759356
72904301
321910185
23341160
1004626152
250703692
1106836070
265473737
266001145
890297749
606997613
781886935
209756655
255121573
437301349
567941173
257531123
819015848
187125029
126673678
822025472
198713248
1080003259
1227999780
1210223353
372037643
36498420
17116782
181898590
79100380
24467230
517974371
356081700
586019266
89244137
882192152
435748255
389852308
608115936
27078995
461549744
566314923
955134290
166800927
856701798
184517281
262312620
277783887
959696809
91519214
575729342
263114264
829485272
631348945
229215834
406570238
511319142
145893491
850973504
790502089
826052606
58089311
246019365
724974422
193406001
121536120
104467735
97150159
521713156
14057903
162691514
32472521
66465341
757277750
165083973
291874791
420987009
210994601
342453826
19387009
283824663
142241809
140253522
384082132
433647866
24057178
282882774
259958067
51693726
385290318
954522601
43345066
18943879
85331413
15502679
318623091
309844238
15063178
414776445
38151136
520548115
145778644
250329475
411978303
484192715
13424292
459341296
293040120
148855072
48115387
414672389
256954278
964204860
112518438
191153094
301925151
30182555
1008416497
113946795
222457479
1175407910
867130232
1235957486
15882393
1210234490
820620798
374035986
437346625
160075770
1244644514
635134855
38596022
1034529584
598695225
575233904
56426412
41792496
166130766
577375040
1100713554
91023849
242414081
236034416
204352065
89462819
286191969
946030464
91519322
887680076
508337769
75029618
319395017
465964637
28174163
18123000
16114141
50130164
481364537
258174099
134439244
321044675
174397045
33492009
433854938
850212452
546457210
836700072
431232237
178938892
617544163
83296294
501681673
434898453
291232904
70774194
38530190
451490037
35695910
1058566615
456726486
20868283
553199185
811816044
1178164506
521604964
173511703
215686876
1160657924
556373057
710237444
366986393
637376856
39268521
228880625
131650873
923342250
31049412
1004676372
515652092
40849223
361683247
37585925
159853609
1241881573
1077105036
492062107
72114104
549404835
338792638
46814566
14126978
44892048
389912108
390536738
26607514
598615206
260954516
953967474
757564734
27007725
322789186
492357188
611320605
430314745
814195111
71063553
404545024
590182009
1151066053
16264803
930134132
73657657
404840341
805611715
338010631
798890670
14068005
52474120
821861011
519907603
248870405
14415783
531401759
426881312
235062161
387896943
122888670
1150254192
142645062
335321724
263338463
56254907
149327637
1235113357
128842454
763468362
1220148930
34895670
515653621
381030706
152916840
1023177152
53443633
410139125
342563218
403285550
86041114
567910293
578321883
924083029
633362404
904410764
453141117
500101798
22328308
849286477
613644500
887858047
1186741573
116325175
24636191
312172660
1134810348
573617078
588728409
133178883
30484294
1225702920
31316851
180590541
45188751
571953525
525640756
470865851
285141728
287315536
18121394
1216484160
27500098
813711236
557170095
178556285
457320286
520690845
1159231364
33098821
576774761
1074752953
330509397
500675567
627467845
622033061
594615261
312732180
309282648
16711026
526488598
59453634
510656542
228045027
820250803
14411485
1169716285
119491086
290861534
19996087
380039924
1002574224
505136293
47674428
501302976
359172762
217850010
15667574
237435490
159968414
211154175
634483900
14060372
459147423
35610820
1122441290
52823169
361902109
460883224
16631675
589634872
27821069
428804512
1069014169
122072405
19109017
614529590
1074198348
33583609
869818507
106835731
17501089
497788196
520952425
484956540
61854283
312715113
199340782
19491657
487402854
600853645
1132847964
851647592
141148544
41733329
763998612
18773973
17704256
572129589
25032186
45972621
1219269684
557655956
396914316
917945696
270569915
718880065
16703744
310917910
1027200313
239091818
16018479
70199201
44183196
121526589
238227282
61186472
516982165
994000040
484224768
368458178
403171779
66951419
622157443
237295842
260757663
305653318
351406554
542903976
381633083
395525350
352510411
318472460
218980359
457028278
87429075
1175166355
18228758
26657766
603497131
217634501
1180525616
36713863
428351483
52275302
15202017
51877849
705138655
16360537
19284042
258430354
1153177436
521451169
26654027
37042180
124706995
303935502
1220435238
298858897
26688109
1143975908
254144761
326324669
591093893
531352011
430018602
306930864
151285038
18635857
74912724
301136143
492134497
612943566
421822131
385613735
746263352
285916011
308462711
255831201
452110602
984564524
36185471
852167300
138790229
83464076
933154098
343866470
190852607
1219346946
485723124
210796478
106545526
49096955
607583842
600301096
51968100
602677241
10638472
103729129
19093157
481440543
1175386640
381266159
612965640
277168496
309759131
233977026
58022459
265668224
274002230
601332728
475212066
67726356
818714941
196032707
962000148
205179859
78036185
86392183
877030735
1021814820
363729068
827415174
318194519
65746037
493957494
18876675
816012728
401594262
117560490
95687734
130929195
395988628
38804737
159695505
25065717
622181088
41479790
179987172
283275504
548710739
407697368
519799124
7350962
342670417
219366366
211312829
315944461
253893808
256458492
82309870
15507721
269111747
594616002
367465920
25838635
53343337
286611915
100125128
77729357
396112410
576393776
365459069
914122034
161519131
35741196
966807025
218967335
765977497
158317366
404132689
323484941
948090498
1110595645
17881816
223301580
572077557
1061789779
23154642
923501154
37599351
95245998
716384792
1049028554
387277613
428419892
180056287
500262242
456576852
131854547
49761640
556103989
43659743
19726024
884352637
492991594
16668285
65969066
453161251
191068428
22179098
1114551986
1090688040
20977776
264662360
54937982
225180501
14577866
264597089
490221077
19303425
1096224757
211314033
99381898
21458923
271735273
69151825
19616903
33246276
369065562
36799881
460071367
525967349
535584284
77725938
260537787
32543448
118525225
104903377
124512446
54424724
95740429
8071902
171776626
64401428
807027912
50882754
571875876
44126993
1209889872
389152609
175709715
54451006
579871194
835262101
636368799
209383326
28707782
382066743
400286924
543077773
634565882
28882160
61182345
71617159
57308280
265033789
347342328
51290957
1054466012
23722910
429532690
83301476
548085870
93335266
153161057
29074180
395456682
636776318
462040124
292126526
407155100
28274392
725171690
851446794
433643512
726756098
190472396
1182766483
163628467
72493307
36439939
34606195
34607504
39140262
44358957
1020220981
473994739
805669518
20775493
167604584
38742252
872113885
215683551
1155716016
1020151879
178999587
146981843
165181992
419470357
824211464
499758610
528592556
1002457902
810533252
159375097
53112612
111625135
906620078
332676251
423650345
378047816
194100145
908543166
789761292
216347182
781331238
992084486
164002490
811672656
991745640
371872980
988892311
992176118
1015626398
1095735618
167596926
453379933
22024242
838600446
63722880
760837543
258011323
539398544
179255167
129273544
358688912
47704771
393516808
983182374
294892027
251871535
513915332
24027953
188684410
495347209
251853550
707292751
513570392
188681893
624876529
353628410
291249326
348123714
1189837074
1056552996
634390261
19684844
262856144
511970204
248283034
15814166
1201499286
437158014
91173360
246995344
482112113
78530885
411849305
605025484
17971670
183573545
114517420
94732176
24033013
14254355
154170042
87301414
447953414
1039502286
200435190
538617612
15532089
381032464
50677180
600370489
154019795
106220335
1015779331
1119998594
214146861
138008683
80924494
15302447
39944442
129277294
109828427
1085893273
14378835
522462277
731104159
213527026
1194962142
333240137
52506977
353285853
132150916
271617587
1125954259
64172089
94618974
5367292
747446803
590551598
465804973
270132895
87391189
151903568
30268257
458517684
534368971
98175814
744404084
17850354
606705293
226655769
119613189
279162892
479463151
83170361
876754856
364428374
15687864
63507365
393864772
338743622
477702366
961677596
436512646
97469342
253872735
428839734
429016649
1052733518
345672376
349418922
869520367
291960943
214414669
435177321
116198288
607625426
91942071
51209722
1186193414
23402755
543492634
17527466
232980206
1172957148
300604571
19844232
30665326
1139539232
370476049
302473468
15656503
466010102
382319761
900586772
205348515
975044474
90408018
230247492
500908261
1050470844
222981108
393838061
184928310
16569530
962059172
1147434265
418052666
631525135
1029166986
63964057
251116809
783625556
303795005
921594600
345457531
25311498
236812588
1093934844
91493566
1167072488
614700352
470600913
379806000
417280898
855419274
603174975
442941924
267980932
271980474
770136872
1143969980
331291242
216470299
64415729
113931336
169847724
1061038518
1173215780
551457510
493848703
482031629
491745677
468670192
334326614
30048364
298512674
30971612
173198375
338310497
46415799
192679721
731993629
12578882
1169531982
1029349651
1023137432
1046724660
25218112
909220992
42267193
1121916439
151462178
700139869
375267106
240901688
63284897
971656747
968442391
1109146555
1151726558
761024251
360670983
214803500
372996033
57339288
141759459
305823439
192641684
574672888
244848423
486023178
414987827
376876823
881595530
88310301
423910857
500004124
220156601
448908527
1082140038
1144052324
308062362
114248264
106879821
164322849
244205950
114349276
432983325
533837470
620175768
839445738
184498297
931098398
286286089
287686403
764869116
454306472
308480840
426143475
709118929
427217482
1125904693
1103925793
1054661941
1150772658
915724004
607516999
544417442
107276016
862575877
1048765417
1017887442
299858828
20730760
86536236
15273295
1020167785
61053939
18341430
565303041
166896307
484025597
56394573
839645060
163700260
630160560
728041627
1139345174
155849013
261792808
126235134
231431229
912881545
995164424
341200881
30224702
47479695
537846164
419784016
465906077
379429447
61531958
597859202
91667169
557557925
935610247
16867947
413425489
393778601
35939785
874477267
543820693
278371631
756567420
737336071
1115099340
87450164
589165622
22361764
988223287
1031108576
309827927
859535132
126903716
125417632
625266079
240276441
424088169
455265235
609336914
387573938
615815257
473121542
553842124
622993943
327020180
628485390
541742470
273153503
337663067
390905408
580170149
486516898
741922790
949510621
509779751
210431935
556424127
260179505
628534785
551514344
562323802
175401172
471560358
511607836
289480759
814434655
473430061
87772532
19580081
878719854
329274990
107133286
477901657
630249685
968992914
714913670
61945861
991865473
561043267
413296792
1096119062
1145859120
414475201
385948005
366441761
588205904
245027273
583311757
409925983
178800111
403634290
105588068
428616971
794552838
189408686
1006673492
596028360
393098307
374233536
264412843
147653069
557780895
461419006
600590087
245528175
140360123
270035965
1093546736
297579950
314174259
1123001084
499180105
22708685
333975406
30970058
145494445
942470162
1052745900
494460427
470072149
835462554
569478082
370534237
898688449
284182005
31281605
280956704
126129528
213358644
1101465606
905651647
29805081
749737232
338693097
802523395
203071766
402881628
242226583
784983968
14389132
246963466
720859939
81931431
34086149
180433202
269448125
892376545
227609114
1016214638
217643873
943507866
430114037
1137915326
970942356
413104225
499706352
491090439
442368542
516656445
97486299
566525954
71861590
914471598
29130296
896530940
748604916
32129145
162223047
117651078
1020163531
1020101214
42422464
349621312
344254586
235822945
48361069
852639818
406276913
318846306
567389240
565028988
387936518
24400109
243506180
175322599
167954464
372984072
862277898
381895898
171283317
335299608
766203618
169251561
186705968
239062833
575785944
214435647
133100916
60376120
49017443
308300370
65749298
164478070
257628450
610451387
256065541
388398089
233728673
840162572
464022696
244693074
57328837
158079035
822715406
593266477
921982968
120500211
988618063
466203133
19503553
374642635
227606536
277270678
90521666
193230172
346276955
600547561
335544569
447344035
215919124
239421384
54661353
486981837
59238816
215320272
590284732
598702423
20295448
113422315
501324230
554612298
1006719114
150751724
67657700
88704452
590930837
64834322
20469875
1120897723
604780281
117303481
390858322
744821840
381431976
17766365
14071045
1130838265
190905427
750215064
209899209
1109501533
247039983
192888301
47864765
110458900
963882456
282704146
276611888
488045547
72656873
19811278
497640344
854954492
29599598
229497776
377510265
842025228
194569101
546480077
429403920
174717157
173217466
859963628
17850012
360952994
1070110159
1004476723
1016771568
295270265
201015020
424384074
297626273
274477966
1071540248
131301553
150761503
19236970
258279539
823682322
17744351
1037643853
52559087
119289683
207341545
150494334
865098380
387528421
272029196
34379573
16703058
310757924
967368800
211643257
154647635
90335017
485915072
1126805322
53524514
20976247
286068934
609973457
286804998
108232366
110450065
337787912
54731290
618884943
489426246
89614445
730966404
303554258
185999139
209087371
1004449910
1004688524
1093310827
22778520
259579574
610002121
491616595
292662199
395798561
486540800
220134312
279612469
184351181
331167705
323020750
993485528
140019216
602730256
759219950
898647841
277164221
548787108
27871731
449223306
816180606
274782243
919803019
597819703
403287484
504869945
589357620
996498583
82203990
186378826
610862527
387964441
200394545
258050802
711985340
214664244
969043735
220909232
452718417
19591024
424025452
978381378
1111068600
215782766
19779463
204828175
1101752497
377282077
759462337
407754902
457209302
132213338
106631345
374100403
446664141
110831886
128316648
226508798
237773327
854803442
211357528
14468043
1100690978
1108724737
279637396
175485624
866500945
38082423
69193277
383984129
484999518
14913837
20487357
613677056
332422215
21105229
15886750
16753998
535406848
395171346
877026139
556184472
855813192
336660675
779313121
130462771
513618954
356350947
111367399
365258917
32632622
562163885
961184431
28793767
268899839
619065928
518340481
829490371
130925204
300199138
587385548
579155506
60863619
278996463
77318869
1035462998
347442501
110267409
252779732
606487639
466543819
407967202
320099525
51896252
184309528
944401322
354375188
136464327
893555882
625441636
122428625
281674489
418190357
175672159
411384811
262436930
604704610
429269092
342212510
1016244210
958120286
46287824
250345810
25090088
26618468
1006732753
370152133
211878633
133398105
946991401
31487037
79809731
992927930
280746185
874325768
1106313444
30011719
904654477
236614300
546902848
197588694
26663104
382533771
937110103
63593340
818103494
163535738
268972459
636603621
17420951
1014031412
293852054
392091994
168129973
78816575
159111501
1095321223
930304202
339146953
495241941
932559632
152704702
75154754
632062152
492497162
51816999
178840688
981346483
932998676
229471084
21752962
571459945
391586903
450896271
478646049
364997302
397272590
195466432
27841516
938321984
791921455
539042491
827806705
751363544
991593084
1081200822
339969803
970768974
524826008
20652468
114151288
85888740
505890157
19856680
57652284
19073117
794022271
789795565
577693710
246154448
354150373
324031142
538728890
61780252
920130888
218407864
222351673
543433753
287950512
1025919938
138628895
19275810
150452392
76132491
110355375
296959847
561735600
838630554
842274768
132236699
926439942
74006362
422058693
949781101
470010984
525042830
92521860
200454974
515616648
528906734
783434330
227750785
916251300
17580892
896147226
32368360
27344566
429327282
42299649
485131180
366982347
966482250
248391259
398045761
468647646
56871034
712631280
330022437
438661015
369738998
238734158
294879874
330648655
342224275
285413642
625074165
608171381
316538996
19278179
494079866
74313544
320422591
294837567
370367880
384424759
1020051648
397653202
1068975890
44688308
38141804
129332353
69169677
28162811
633517060
754820042
590745933
623922006
701318048
439494648
19812077
36605932
121804773
176668749
76630171
522331956
373148023
376254264
196452106
509153429
50343281
255508546
392474892
119247286
823840742
424162373
319848835
1012208726
1071367844
17090121
827067685
374654304
156355055
301250953
236210996
184508803
279560086
489730360
117964554
577406192
550032333
139219463
97963881
255535962
603670809
1061053663
714633397
157001761
109441206
60339435
116049408
475298118
36017082
801795744
326380075
730222728
836148049
407812197
378855869
490266787
313656542
178410764
341169835
561588648
357509239
398861378
186118421
381568297
73933358
85741480
64549300
205925375
436932016
52485967
225783181
448703944
94464792
167283228
588288921
135509253
27872081
375917692
510696547
21410757
825788100
775189128
603384806
22986573
350906632
79639845
24104971
35261249
532628600
542190714
267218386
363628218
195081661
520811256
21807896
41474555
437868583
454584323
214988028
979402656
370307166
382213082
475319623
461019920
828243108
19798521
261078843
486191342
390260707
165926162
145898319
403671644
23335196
107425820
149223836
225011344
347763082
496957447
373367371
15931491
96919983
66001746
181458964
135348838
115801376
365640663
562282687
273744921
1059076982
339552778
1058450934
384414148
191676202
392244586
246955139
377405773
104603862
327007104
351624918
894254528
766863313
334362159
774856728
332993599
423386683
148301773
290638115
463954403
27387249
315584715
166246775
754812882
599377150
232885912
289369353
1012249321
962593358
293089613
34475475
573127294
1039270788
887209700
1056168926
126592212
781538408
956555994
275415306
295278719
741613669
326932987
479233079
297098631
69322909
355097864
523890324
314165654
446454034
330268615
236205140
616875299
794190438
426592096
287768683
979502197
313068712
609188772
19373418
478737697
555492255
292229728
21897722
280312720
583799978
16132719
438583549
69914357
242363824
26328643
260340277
1059088292
296798069
336204941
36301444
519333002
407039920
997884247
398871099
400147107
1057014102
91267688
200056176
89663825
419135766
115931937
236242525
547144221
122877360
23437223
34303424
70122463
948569149
823975634
239227114
86590910
766055887
452419812
242099453
787369303
119772284
19521569
381266934
17756696
1046515231
828131156
387280450
299831928
843711805
583904754
291711902
304416802
1056157454
110618005
457445367
916125325
382350502
211433456
857786599
860353506
32040450
396103055
70600149
151809241
96033417
226583563
558408647
403287384
751370630
311116220
377200111
377565477
554628288
106664089
247484386
335151842
591312648
334189014
19187206
591455295
304365476
267517524
609680469
68829965
810862596
825652315
499653276
352155952
627503125
16504293
38619478
21063292
600700613
17815375
241882420
2147401
1041235728
138260266
953489592
39821039
230756630
861611587
1041222224
476052438
27327508
253177793
100612506
156673334
222393526
574660824
894676938
171832865
300498265
149655257
981979734
1033115899
314884368
37866934
126740952
923376662
369588994
348035902
716025265
821785831
566318896
601309746
43555881
123662578
1045233764
154614127
582230335
375374831
131526042
331141817
308102606
522558806
60124429
235558393
126197260
262651322
447423806
157980962
265645925
408568275
598072238
37443393
249558002
244220268
35637055
70471793
172665347
787761434
161959832
373438291
320944866
157563931
322635464
558854892
458060306
559127550
288464572
28831601
296973287
487821943
1020739405
471422205
856494019
636628336
446676560
634006127
561158257
73990030
149384655
127349788
541066782
850287499
67175124
247587233
975673262
702124837
155899912
15628274
1032991088
233963709
977606264
478331502
90655930
885247111
145283020
218076310
348686447
529925115
1046525184
491378817
46489671
628353353
468618283
284223250
1023986840
780406285
853472864
126107946
1007835318
180741517
559580723
451404931
949953421
573952113
1042356032
104251191
486727939
258766529
994005355
324650675
308635931
313984431
37971624
104370900
835147580
704026794
835285028
88236175
191833161
1040143784
283061021
81234056
239586899
193021875
45283887
200255534
222849966
739848938
42151130
578363658
372772785
19316124
232534516
450126572
48722364
1008101353
415878293
637368233
337180661
24866134
515071783
26377328
19859334
450564642
955427832
871851073
440953434
344173003
926074459
851725710
311539323
15958265
47714847
505903512
345163114
85303999
1035706159
1039881498
26852136
25503051
155013071
795293040
49226489
229511000
820872926
1032825434
909332616
474116373
15257682
56440764
75612668
42300159
879576446
324798343
733381686
835773288
426904182
17833400
19624059
703632727
39207220
389171332
14851290
427575009
556345722
117887317
635387628
916978436
378084475
1022399936
882470024
970952719
101372635
18506975
440602402
29334542
875822528
259713031
1035032269
29620256
82705804
115773671
68071703
233047476
94159667
206402423
25790802
47973009
206161999
921914749
897266395
190449118
41656708
582528821
226186894
742713368
520741891
49317590
150361594
58892667
172065915
234019728
496496065
108117050
625532298
340149410
453686173
226065495
331703832
339635593
195878545
485328675
576810004
410209506
480318916
817921682
324098083
111698159
114930146
923950098
548248413
24496196
393471638
86645849
401829136
119822879
238249744
303391736
635236838
870218720
381075832
19188997
443253836
428369294
14213522
72123781
147859625
239212535
311611175
375288793
704127176
112470904
384965718
999883789
291372361
341590327
14505871
14910806
1029926965
272933351
263347822
15576494
571505487
39651447
238205389
721530138
23664510
231171119
561068251
569597157
559941256
857576354
570772140
109087659
549869153
75375410
29456437
228877438
187221713
252823275
220527460
712454833
344921093
982115756
76167149
297038153
52870550
184304453
186618912
293399181
312069382
617801035
16744206
44824021
378497486
816095618
837228206
21044127
444838835
183882740
14469397
231575505
220378920
32961283
601606233
426723697
14864150
466657619
374236412
538205279
25169797
396978805
627941304
93472873
1022628354
85412926
73013623
532129459
125660423
83919094
362156238
148418872
452192322
410225317
833862217
868023360
598143669
149629826
16837881
160771387
374561507
322172027
218531724
245166057
84543676
703946724
517568320
246285958
188047458
635954983
573886077
877637491
707559474
14401847
211975034
394335677
204471023
381813260
383217269
924015673
268367101
212902936
326934640
1009068138
366887559
70222712
453150945
153762707
123365216
211401376
317378810
191939164
25197389
237098811
602333412
461293481
768640837
181262201
183299436
35106442
86637531
340036809
113537997
770871559
23182664
741241632
113073802
1017684044
262461963
926068741
435094988
424777149
631534342
321487140
429276975
14610275
91377850
205170923
329645669
91460306
343087091
803670492
165914188
1019963442
333088948
214668079
484396026
29595882
48365194
557183974
416112656
585160306
780745903
141643666
166851475
258983657
393261736
283805566
582445493
247744426
16261638
471504842
465061564
43395057
536787290
578361930
938385792
267040623
786113654
276241514
55586264
443260552
1018021434
378029485
1018116247
42259184
345131103
345129036
62336688
430202547
134963200
137077773
1018560727
158461760
315477574
498858077
988136666
628615454
91190289
748625558
897490824
43344858
83705447
187535332
362651639
17900421
600206364
55882303
35741626
232603412
779147371
41605121
628050800
92638580
16877999
177071307
121344361
760567111
346243358
373295668
581815807
24065102
374691076
152640267
474533802
346072615
36984666
415920696
220808418
405714934
33075317
533733114
389289067
468552693
320524842
436939584
418316610
788208936
420971156
309974567
41936480
872064798
72169186
510409753
225326723
393222191
61371118
589502253
22589921
179387207
16255664
38542781
586714580
387795305
72031979
1011335028
16671869
184784026
273355387
36414167
39790933
304811867
826960248
563575487
572658047
222363231
635445997
601459720
257372819
126162388
29974662
274584425
433790028
398252961
278027936
172437210
460616374
52559650
312086510
243292079
33572003
186472574
1014365072
891404780
555849879
341384550
460435405
1013757524
164628051
35067421
225553867
804135175
293881939
450033262
81974865
324336689
72826714
231023430
21032998
493690919
77423114
613027374
308997977
487757841
99134231
554854365
244746802
386464786
482236922
83024099
897244982
982582298
475090160
224612921
453098437
715931904
215843744
145192600
103318485
47801895
100923576
772237993
341759811
14352178
528952274
998274314
84217658
174475950
467968715
1011013141
110680133
244788664
219203163
491496301
975248000
359234150
893339022
730092050
527991371
28885875
323221405
34858657
537526129
399214030
19023772
352210850
853290686
252993656
303058063
520893132
146671258
15551263
366903749
502349893
22411342
144028111
24333544
609194221
182421263
128234498
308155020
458003944
133356484
564845104
53663887
425117099
93100491
511286982
43246054
604101021
260872171
97699767
456677593
22015936
396667711
375733560
101405082
173452455
295327253
392013860
20789740
463977785
556449004
360959995
294145954
144483608
111085636
266075240
612684675
975201181
248265053
376182452
383313856
176864204
290145510
708525504
42903387
435989765
18002599
374952901
250439656
39970422
1001734206
134889262
337879451
635662735
196808461
988807086
422771265
198306222
465731358
221449670
920213803
963783498
20823928
342907485
166034923
88447562
588482499
52280690
543295621
369905494
77116864
292257608
770430080
804631266
901194714
901254169
125193269
542369881
560712972
899190234
323178170
873644532
166916863
975340736
516844317
30561781
83364972
14579415
159485378
247127957
570189780
336839304
90443927
75764754
759444145
358346082
345125672
480239893
485383815
21422003
228710767
18953266
42741029
13634602
16816972
932540749
1005707167
266013989
556031750
549564189
34086411
309132533
331117865
280916252
248523383
525737703
18214034
492693768
417764415
632110851
632344478
784578716
442723961
437637561
461935358
479721053
474993054
478777257
1004609352
942721417
495835385
20525016
809737135
231406848
320667136
106082551
386986414
139810443
759765300
18238282
860542878
51473146
16494321
82123247
143865983
391651487
482802017
171621197
112296882
477637217
863559397
389420951
249320114
23232430
24674170
234930137
131809683
415120733
1004389328
334020287
744486804
252219448
260873376
14711120
316602249
21518264
168736668
18122984
216802451
17867513
49616509
281286332
275481589
950574979
25797328
543266239
61270808
82181673
88829709
492833134
317534323
26030462
622148817
617259829
321491195
31414040
561619416
624469586
30879224
31762212
79089550
152823999
142300473
305122918
33032389
33096322
1002646086
1002104071
429259283
1001716650
22386263
238730361
110765879
27369416
433115572
20482678
44377302
574881362
145832091
284735507
522679275
288897204
328460515
600735680
127641898
248830227
347588300
254695065
430788015
383826232
508251752
18694720
19758510
33091582
999311168
948095714
19834226
115827236
172314205
550354353
242618658
300168222
241921834
123236679
256670843
380073036
235236840
20611084
112874216
539871796
16024207
33094857
293975093
383196756
207004484
153676298
147591825
540201787
16710420
182831918
338075604
528905050
704191404
429147957
902718626
765024085
131021790
188848758
47133878
17275253
318661601
103106691
488359133
523579655
256582765
262224140
379367807
385305988
460085344
168287153
633007028
351361539
610993252
348502344
152757361
248997772
46134233
629115936
325400456
335957195
943045639
62554155
165870490
33057154
247442341
195271837
210138735
328470961
13396002
15504256
353532628
611299674
488276418
314287177
230773620
254717520
792854598
472280781
417388541
379943597
79652669
983784050
301644445
102217191
49920951
370945050
735750930
621383227
487459200
339465480
263471041
29886563
81244856
93817759
45654779
372877109
318383192
169282071
525927423
27386308
441551887
442895468
44672556
58525147
41758974
782468742
586063726
384700456
883257890
370376160
412459777
42651674
614795631
72672936
312877677
348230946
143157937
451796610
20737665
489775680
351802762
381095860
525660519
35216399
400452123
932390060
587534151
103085026
234063806
581934234
336156211
179246922
90577822
336190254
272020464
91298698
322470409
17798031
37391190
33921143
950752645
240005520
218193050
206077141
218375995
496899505
90379747
247904374
238494466
330391406
126921202
17070787
387416970
848494776
37624494
18987162
516061068
816401503
938901907
703042040
311513088
28427441
29495311
895201531
936057505
480556612
975450222
329141413
927188185
76057201
16126957
906419366
894448843
19478383
33495086
33261405
991085436
299097727
14643825
303391148
518399661
326450140
29015085
255067316
190589983
480854272
91493488
621493098
415836996
22456513
170498683
390424081
342116621
225269697
19218108
132144474
778970688
592019053
550250358
423138541
353783392
65577676
441208401
71345831
302041325
798614040
342974211
144002737
734521519
376302246
412023064
282190752
116758811
857885250
130550843
15274836
905334301
33180256
276242243
352539661
275679915
46815031
356977006
188167730
590185454
764424672
14706658
27645228
526911292
255734926
711795356
30649550
614521263
30249176
49108187
49682694
336653439
259293444
160279208
149193590
45765510
177576475
19024869
532603860
215946388
16033367
280600626
333553022
213867940
142585230
522566379
929615239
240943344
713396887
465930276
104076047
148587486
167915369
37230804
465854205
125905975
24835032
232342189
143045929
58667205
143696585
543350752
165563781
233828367
250631969
403672327
116304324
283660297
515316754
225298709
118294599
273073391
80374332
882064550
156214500
20793777
77270050
184394462
270430076
945845994
43475901
470209938
97383592
482701186
83329113
189274489
271994777
20207789
125597287
168994671
338254733
212618671
213584043
579161563
27805007
25344447
362599729
191302528
553966332
244896452
484083858
223992093
372803192
294511358
847194236
318698885
444940567
164861626
241207843
434683531
210423504
395773875
556939352
20058717
177926698
591744503
490684927
946018970
268283495
823745209
212687768
220877795
203459710
471396203
434404879
17393362
484583901
939341706
621902021
15987002
138196324
362517665
428496698
39348744
85089837
16827970
361468994
494187504
118190428
800551039
25945726
246597897
25042467
28153151
383295070
180941202
388380148
44171091
464663580
954173966
381834419
140283421
513579703
365621764
17045672
193664351
383564354
17486092
88191191
25965585
541958701
69681766
23343203
392836991
35120520
462117320
150546196
214716076
279556856
167088010
18185124
65589378
79093841
145650278
112805829
765011431
876942944
374149214
378425270
717633770
568768242
270079789
245289340
74605633
58578131
580163013
387978466
438532698
542154137
501931593
243157137
564677147
49546535
39047949
88258912
70419617
85008170
54804311
842161514
557465401
617528352
805110822
16406442
19536422
16607919
212572133
283998451
121964295
973946942
52117188
389644099
19068720
35099519
241299733
731353316
363730925
106517855
23906545
109479056
20187037
981466544
163488859
225242543
249508496
857013008
562278634
393850288
393280519
500212659
8617282
883625630
319096564
22580924
317809206
548116952
279784730
357076509
435513206
103923777
282531252
506291956
14068014
267892429
719096005
440442640
21737153
593726948
167437337
844263379
388727443
717270631
913539211
220432775
363782820
39998479
980405600
116567904
275536225
226597593
279543335
